0.7015404364569962
0.6976893453145057
0.7554557124518613
0.7501283697047495
0.7676508344030809
0.7894736842105263
0.7942875481386393
0.7870988446726572
0.7860077021822849
0.7985237483953787
0.7871630295250321
0.7830551989730423
0.7872913992297818
0.8032734274711167
0.7995507060333762
0.7988446726572529
0.7958279845956355
0.8019897304236201
0.7936456996148908
0.7825417201540436
0.6756739409499358
0.6569961489088575
0.6845314505776636
0.6961489088575096
0.7066752246469833
0.7324775353016688
0.7385109114249037
0.7277920410783054
0.7291399229781772
0.7218870346598203
0.7087933247753531
0.7236200256739409
0.7349807445442875
0.7444801026957638
0.7498074454428756
0.7422978177150192
0.7462772785622593
0.7466623876765084
0.7456996148908857
0.7442875481386393
0.6854942233632862
0.6975609756097562
0.6809370988446726
0.6802310654685495
0.6729781771501926
0.6746469833119383
0.6857509627727856
0.7087933247753531
0.715596919127086
0.7323491655969192
0.7361360718870348
0.7410141206675226
0.7413992297817715
0.7353016688061618
0.737997432605905
0.7505776636713735
0.7467265725288833
0.7417201540436457
0.757188703465982
0.7461489088575097
0.6905648267008986
0.7089216944801027
0.7165596919127086
0.6870346598202823
0.730487804878049
0.7440308087291398
0.7658536585365854
0.7605263157894735
0.7481386392811297
0.7578947368421052
0.7050064184852375
0.6845314505776636
0.695635430038511
0.6981386392811297
0.7121951219512195
0.7207958921694481
0.7295892169448011
0.7379332477535302
0.7564826700898588
0.7590500641848525
0.7529525032092427
0.7497432605905006
0.7505776636713736
0.7586007702182285
0.7437740693196406
0.7408857509627728
0.7291399229781772
0.7347881899871631
0.7441591784338895
0.7437098844672657
0.722400513478819
0.7239409499358151
0.7571245186136073
0.7586007702182285
0.7480744544287548
0.7572528883183569
0.7645057766367137
0.7444159178433889
0.7632862644415919
0.7670089858793326
0.7681643132220797
0.7709242618741977
0.7840179717586649
0.7745827984595636
0.7786264441591785
0.7634146341463415
0.7550064184852374
0.7686136071887034
0.784403080872914
0.7812580231065468
0.6672657252888319
0.6769576379974327
0.6809370988446727
0.7034017971758665
0.6973684210526315
0.7301668806161745
0.715596919127086
0.7197047496790758
0.7223363286264443
0.6931322207958921
0.700770218228498
0.7039794608472401
0.7120667522464699
0.7055840821566111
0.7200898587933248
0.7326059050064185
0.7336328626444159
0.7460847240051349
0.7569319640564827
0.7572528883183568
0.7528883183568678
0.7583440308087291
0.7511553273427471
0.7465340179717587
0.743196405648267
0.7383825417201539
0.752824133504493
0.767586649550706
0.7538510911424903
