0.8093709884467266
0.8093709884467266
0.8093709884467266
0.8093709884467266
0.8151476251604621
0.8183568677792041
0.8183568677792041
0.8183568677792041
0.8183568677792041
0.8183568677792041
0.8183568677792041
0.8183568677792041
0.8209242618741976
0.8209242618741976
0.8209242618741976
0.8209242618741976
0.8209242618741976
0.8273427471116817
0.8273427471116817
0.8337612323491655
0.7207958921694481
0.7207958921694481
0.7265725288831836
0.7265725288831836
0.7554557124518614
0.7702182284980744
0.7702182284980744
0.7702182284980744
0.7753530166880617
0.7753530166880617
0.7753530166880617
0.7753530166880617
0.7753530166880617
0.7836970474967908
0.7965340179717587
0.7965340179717587
0.7965340179717587
0.7965340179717587
0.7965340179717587
0.7965340179717587
0.748395378690629
0.748395378690629
0.7528883183568678
0.7528883183568678
0.7528883183568678
0.7528883183568678
0.7528883183568678
0.7650834403080873
0.7682926829268293
0.7682926829268293
0.7682926829268293
0.7682926829268293
0.7682926829268293
0.7721437740693197
0.7721437740693197
0.7971758664955071
0.7971758664955071
0.7971758664955071
0.7971758664955071
0.7971758664955071
0.77599486521181
0.77599486521181
0.77599486521181
0.77599486521181
0.7958921694480102
0.7958921694480102
0.7958921694480102
0.8048780487804879
0.8048780487804879
0.8093709884467266
0.7772785622593068
0.7772785622593068
0.7772785622593068
0.7772785622593068
0.7772785622593068
0.7772785622593068
0.7772785622593068
0.7772785622593068
0.7811296534017972
0.7843388960205392
0.7843388960205392
0.7843388960205392
0.7843388960205392
0.7881899871630296
0.7881899871630296
0.7881899871630296
0.7881899871630296
0.7881899871630296
0.7907573812580231
0.7907573812580231
0.7965340179717587
0.7965340179717587
0.7965340179717587
0.8016688061617459
0.8016688061617459
0.8016688061617459
0.8016688061617459
0.8016688061617459
0.8016688061617459
0.8016688061617459
0.8016688061617459
0.8016688061617459
0.8048780487804879
0.8048780487804879
0.8048780487804879
0.8048780487804879
0.8048780487804879
0.8048780487804879
0.8048780487804879
0.8048780487804879
0.7567394094993581
0.7573812580231065
0.7599486521181001
0.7599486521181001
0.7644415917843389
0.7644415917843389
0.7644415917843389
0.7676508344030809
0.7676508344030809
0.7618741976893453
0.7618741976893453
0.7798459563543004
0.7798459563543004
0.7798459563543004
0.7849807445442876
0.7849807445442876
0.7849807445442876
0.7849807445442876
0.7869062901155327
0.7869062901155327
0.7869062901155327
0.7984595635430038
0.7984595635430038
0.7984595635430038
0.7984595635430038
0.7984595635430038
0.7984595635430038
0.8016688061617459
0.8016688061617459
