[383, 166, 361, 22, 167, 533, 515, 576, 111, 586, 341, 296, 122, 305, 489, 98, 552, 454, 14, 193]
[383, 166, 361, 22, 167, 533, 515, 576, 111, 586, 341, 296, 122, 305, 489, 98, 552, 454, 14, 193]
[383, 166, 361, 22, 167, 533, 515, 576, 111, 586, 341, 296, 122, 305, 489, 98, 552, 454, 14, 193]
[383, 166, 361, 22, 167, 533, 515, 576, 111, 586, 341, 296, 122, 305, 489, 98, 552, 454, 14, 193]
[524, 47, 361, 22, 167, 533, 515, 576, 111, 586, 341, 296, 305, 489, 552, 454, 0, 115, 409, 413]
[524, 47, 361, 167, 533, 515, 576, 111, 586, 341, 296, 122, 305, 489, 98, 552, 454, 14, 193, 176]
[524, 47, 361, 167, 533, 515, 576, 111, 586, 341, 296, 122, 305, 489, 98, 552, 454, 14, 193, 176]
[524, 47, 361, 167, 533, 515, 576, 111, 586, 341, 296, 122, 305, 489, 98, 552, 454, 14, 193, 176]
[524, 47, 361, 167, 533, 515, 576, 111, 586, 341, 296, 122, 305, 489, 98, 552, 454, 14, 193, 176]
[524, 47, 361, 167, 533, 515, 576, 111, 586, 341, 296, 122, 305, 489, 98, 552, 454, 14, 193, 176]
[524, 47, 361, 167, 533, 515, 576, 111, 586, 341, 296, 122, 305, 489, 98, 552, 454, 14, 193, 176]
[524, 47, 361, 167, 533, 515, 576, 111, 586, 341, 296, 122, 305, 489, 98, 552, 454, 14, 193, 176]
[524, 47, 361, 533, 515, 576, 111, 586, 341, 296, 305, 489, 552, 454, 0, 115, 409, 413, 100, 241]
[524, 47, 361, 533, 515, 576, 111, 586, 341, 296, 305, 489, 552, 454, 0, 115, 409, 413, 100, 241]
[524, 47, 361, 533, 515, 576, 111, 586, 341, 296, 305, 489, 552, 454, 0, 115, 409, 413, 100, 241]
[524, 47, 361, 533, 515, 576, 111, 586, 341, 296, 305, 489, 552, 454, 0, 115, 409, 413, 100, 241]
[524, 47, 361, 533, 515, 576, 111, 586, 341, 296, 305, 489, 552, 454, 0, 115, 409, 413, 100, 241]
[524, 47, 361, 533, 515, 576, 576, 111, 586, 296, 489, 454, 0, 409, 413, 100, 109, 479, 155, 580]
[524, 47, 361, 533, 515, 576, 576, 111, 586, 296, 489, 454, 0, 409, 413, 100, 109, 479, 155, 580]
[47, 361, 533, 515, 576, 111, 586, 296, 305, 489, 552, 454, 0, 115, 409, 413, 100, 580, 516, 173]
[178, 303, 94, 556, 514, 308, 528, 470, 418, 545, 299, 320, 374, 328, 584, 507, 428, 274, 191, 58]
[178, 303, 94, 556, 514, 308, 528, 470, 418, 545, 299, 320, 374, 328, 584, 507, 428, 274, 191, 58]
[327, 68, 355, 519, 538, 235, 470, 418, 545, 299, 320, 374, 328, 584, 507, 428, 274, 191, 58, 183]
[327, 68, 355, 519, 538, 235, 470, 418, 545, 299, 320, 374, 328, 584, 507, 428, 274, 191, 58, 183]
[178, 303, 94, 556, 514, 308, 470, 418, 545, 299, 320, 374, 328, 584, 97, 10, 307, 391, 82, 81]
[222, 568, 434, 458, 214, 142, 457, 392, 15, 295, 35, 81, 584, 507, 191, 479, 519, 315, 463, 25]
[222, 568, 434, 458, 214, 142, 457, 392, 15, 295, 35, 81, 584, 507, 191, 479, 519, 315, 463, 25]
[222, 568, 434, 458, 214, 142, 457, 392, 15, 295, 35, 81, 584, 507, 191, 479, 519, 315, 463, 25]
[541, 405, 589, 333, 423, 502, 211, 453, 392, 295, 35, 527, 10, 191, 479, 519, 315, 463, 25, 282]
[541, 405, 589, 333, 423, 502, 211, 453, 392, 295, 35, 527, 10, 191, 479, 519, 315, 463, 25, 282]
[541, 405, 589, 333, 423, 502, 211, 453, 392, 295, 35, 527, 10, 191, 479, 519, 315, 463, 25, 282]
[541, 405, 589, 333, 423, 502, 211, 453, 392, 295, 35, 527, 10, 191, 479, 519, 315, 463, 25, 282]
[541, 405, 589, 333, 423, 502, 211, 453, 392, 295, 35, 527, 10, 191, 479, 519, 315, 463, 25, 282]
[178, 568, 434, 458, 214, 142, 457, 392, 15, 295, 81, 584, 507, 191, 479, 519, 315, 463, 25, 82]
[178, 94, 556, 214, 142, 142, 457, 392, 15, 295, 81, 584, 507, 191, 479, 519, 315, 463, 25, 547]
[178, 94, 556, 214, 142, 142, 457, 392, 15, 295, 81, 584, 507, 191, 479, 519, 315, 463, 25, 547]
[178, 94, 556, 214, 142, 142, 457, 392, 15, 295, 81, 584, 507, 191, 479, 519, 315, 463, 25, 547]
[178, 94, 556, 214, 142, 142, 457, 392, 15, 295, 81, 584, 507, 191, 479, 519, 315, 463, 25, 547]
[178, 94, 556, 214, 142, 142, 457, 392, 15, 295, 81, 584, 507, 191, 479, 519, 315, 463, 25, 547]
[178, 94, 556, 214, 142, 142, 457, 392, 15, 295, 81, 584, 507, 191, 479, 519, 315, 463, 25, 547]
[534, 21, 359, 80, 93, 85, 609, 513, 10, 485, 365, 199, 33, 607, 302, 383, 70, 596, 615, 548]
[534, 21, 359, 80, 93, 85, 609, 513, 10, 485, 365, 199, 33, 607, 302, 383, 70, 596, 615, 548]
[563, 21, 359, 80, 93, 85, 513, 10, 485, 365, 199, 33, 607, 302, 383, 70, 596, 615, 548, 34]
[563, 21, 359, 80, 93, 85, 513, 10, 485, 365, 199, 33, 607, 302, 383, 70, 596, 615, 548, 34]
[563, 21, 359, 80, 93, 85, 513, 10, 485, 365, 199, 33, 607, 302, 383, 70, 596, 615, 548, 34]
[563, 21, 359, 80, 93, 85, 513, 10, 485, 365, 199, 33, 607, 302, 383, 70, 596, 615, 548, 34]
[563, 21, 359, 80, 93, 85, 513, 10, 485, 365, 199, 33, 607, 302, 383, 70, 596, 615, 548, 34]
[534, 21, 359, 80, 93, 85, 609, 513, 10, 485, 199, 236, 383, 70, 596, 615, 548, 524, 444, 308]
[72, 202, 366, 0, 85, 609, 513, 10, 485, 199, 33, 607, 302, 70, 596, 615, 548, 34, 361, 587]
[72, 202, 366, 0, 85, 609, 513, 10, 485, 199, 33, 607, 302, 70, 596, 615, 548, 34, 361, 587]
[72, 202, 366, 0, 85, 609, 513, 10, 485, 199, 33, 607, 302, 70, 596, 615, 548, 34, 361, 587]
[72, 202, 366, 0, 85, 609, 513, 10, 485, 199, 33, 607, 302, 70, 596, 615, 548, 34, 361, 587]
[72, 202, 366, 0, 85, 609, 513, 10, 485, 199, 33, 607, 302, 70, 596, 615, 548, 34, 361, 587]
[563, 21, 359, 93, 513, 603, 199, 10, 199, 607, 302, 70, 596, 615, 548, 34, 361, 587, 523, 207]
[563, 21, 359, 93, 513, 603, 199, 10, 199, 607, 302, 70, 596, 615, 548, 34, 361, 587, 523, 207]
[72, 202, 366, 0, 85, 609, 513, 10, 485, 199, 33, 302, 70, 615, 548, 34, 361, 587, 254, 388]
[72, 202, 366, 0, 85, 609, 513, 10, 485, 199, 33, 302, 70, 615, 548, 34, 361, 587, 254, 388]
[72, 202, 366, 0, 85, 609, 513, 10, 485, 199, 33, 302, 70, 615, 548, 34, 361, 587, 254, 388]
[72, 202, 366, 0, 85, 609, 513, 10, 485, 199, 33, 302, 70, 615, 548, 34, 361, 587, 254, 388]
[72, 202, 366, 0, 85, 609, 513, 10, 485, 199, 33, 302, 70, 615, 548, 34, 361, 587, 254, 388]
[435, 452, 268, 179, 250, 385, 502, 318, 79, 74, 354, 477, 241, 414, 129, 362, 394, 7, 281, 424]
[435, 452, 268, 179, 250, 385, 502, 318, 79, 74, 354, 477, 241, 414, 129, 362, 394, 7, 281, 424]
[435, 452, 268, 179, 250, 385, 502, 318, 79, 74, 354, 477, 241, 414, 129, 362, 394, 7, 281, 424]
[435, 452, 268, 179, 250, 385, 502, 318, 79, 74, 354, 477, 241, 414, 129, 362, 394, 7, 281, 424]
[435, 452, 268, 179, 250, 385, 312, 77, 595, 203, 505, 403, 414, 129, 362, 394, 7, 424, 465, 302]
[435, 452, 268, 179, 250, 385, 312, 77, 595, 203, 505, 403, 414, 129, 362, 394, 7, 424, 465, 302]
[435, 452, 268, 179, 250, 385, 312, 77, 595, 203, 505, 403, 414, 129, 362, 394, 7, 424, 465, 302]
[435, 452, 268, 179, 250, 502, 318, 79, 595, 203, 505, 403, 414, 129, 362, 394, 7, 424, 465, 106]
[435, 452, 268, 179, 250, 502, 318, 79, 595, 203, 505, 403, 414, 129, 362, 394, 7, 424, 465, 106]
[435, 452, 268, 179, 250, 385, 312, 77, 595, 203, 403, 414, 129, 362, 394, 7, 424, 465, 302, 481]
[457, 588, 592, 414, 427, 10, 474, 44, 351, 82, 525, 135, 108, 508, 587, 52, 373, 479, 424, 18]
[457, 588, 592, 414, 427, 10, 474, 44, 351, 82, 525, 135, 108, 508, 587, 52, 373, 479, 424, 18]
[457, 588, 592, 414, 427, 10, 474, 44, 351, 82, 525, 135, 108, 508, 587, 52, 373, 479, 424, 18]
[457, 588, 592, 414, 427, 10, 474, 44, 351, 82, 525, 135, 108, 508, 587, 52, 373, 479, 424, 18]
[457, 588, 592, 414, 427, 10, 474, 44, 351, 82, 525, 135, 108, 508, 587, 52, 373, 479, 424, 18]
[457, 588, 592, 414, 427, 10, 474, 44, 351, 82, 525, 135, 108, 508, 587, 52, 373, 479, 424, 18]
[457, 588, 592, 414, 427, 10, 474, 44, 351, 82, 525, 135, 108, 508, 587, 52, 373, 479, 424, 18]
[457, 588, 592, 414, 427, 10, 474, 44, 351, 82, 525, 135, 108, 508, 587, 52, 373, 479, 424, 18]
[107, 204, 224, 380, 591, 249, 133, 504, 237, 34, 512, 52, 373, 479, 424, 295, 52, 12, 519, 395]
[457, 588, 592, 414, 427, 10, 474, 44, 351, 82, 525, 135, 108, 508, 305, 359, 295, 52, 14, 49]
[457, 588, 592, 414, 427, 10, 474, 44, 351, 82, 525, 135, 108, 508, 305, 359, 295, 52, 14, 49]
[457, 588, 592, 414, 427, 10, 474, 44, 351, 82, 525, 135, 108, 508, 305, 359, 295, 52, 14, 49]
[457, 588, 592, 414, 427, 10, 474, 44, 351, 82, 525, 135, 108, 508, 305, 359, 295, 52, 14, 49]
[457, 588, 592, 414, 427, 10, 474, 44, 351, 108, 508, 305, 359, 295, 52, 14, 49, 215, 6, 492]
[457, 588, 592, 414, 427, 10, 474, 44, 351, 108, 508, 305, 359, 295, 52, 14, 49, 215, 6, 492]
[457, 588, 592, 414, 427, 10, 474, 44, 351, 108, 508, 305, 359, 295, 52, 14, 49, 215, 6, 492]
[457, 588, 592, 414, 427, 10, 474, 44, 351, 108, 508, 305, 359, 295, 52, 14, 49, 215, 6, 492]
[457, 588, 592, 414, 427, 10, 474, 44, 351, 108, 508, 305, 359, 295, 52, 14, 49, 215, 6, 492]
[457, 588, 592, 414, 427, 10, 474, 44, 351, 108, 508, 305, 359, 295, 215, 6, 492, 559, 463, 36]
[457, 588, 592, 414, 427, 10, 474, 44, 351, 108, 508, 305, 359, 295, 215, 6, 492, 559, 463, 36]
[263, 394, 171, 554, 111, 362, 30, 407, 513, 162, 200, 340, 335, 270, 386, 18, 64, 307, 106, 454]
[263, 394, 171, 554, 111, 362, 30, 407, 513, 162, 200, 340, 335, 270, 386, 18, 64, 307, 106, 454]
[263, 394, 171, 554, 111, 362, 30, 407, 513, 162, 200, 340, 335, 270, 386, 18, 64, 307, 106, 454]
[263, 394, 171, 554, 111, 362, 30, 407, 513, 162, 200, 340, 270, 270, 18, 64, 307, 106, 454, 591]
[263, 394, 171, 554, 111, 362, 30, 407, 513, 162, 200, 340, 270, 270, 18, 64, 307, 106, 454, 591]
[263, 394, 171, 554, 111, 362, 30, 407, 513, 162, 200, 340, 270, 270, 18, 64, 307, 106, 454, 591]
[263, 394, 171, 554, 111, 362, 30, 407, 513, 162, 200, 340, 270, 270, 18, 64, 307, 106, 454, 591]
[263, 394, 171, 554, 111, 362, 30, 407, 513, 162, 200, 340, 270, 270, 18, 64, 307, 106, 454, 591]
[263, 394, 171, 554, 111, 362, 30, 407, 513, 162, 200, 340, 270, 270, 18, 64, 307, 106, 454, 591]
[263, 394, 171, 554, 111, 362, 30, 407, 513, 162, 200, 340, 270, 270, 18, 64, 307, 106, 454, 591]
[263, 394, 171, 554, 111, 362, 30, 407, 513, 162, 200, 340, 270, 270, 18, 64, 307, 106, 454, 591]
[263, 394, 171, 554, 111, 362, 30, 407, 513, 162, 200, 340, 270, 270, 18, 64, 307, 106, 454, 591]
[263, 394, 554, 111, 362, 407, 513, 162, 200, 340, 270, 18, 64, 307, 106, 454, 591, 464, 369, 324]
[263, 394, 554, 111, 362, 407, 513, 162, 200, 340, 270, 18, 64, 307, 106, 454, 591, 464, 369, 324]
[263, 394, 554, 111, 362, 407, 513, 162, 200, 340, 270, 18, 64, 307, 106, 454, 591, 464, 369, 324]
[263, 394, 554, 111, 362, 407, 513, 162, 200, 340, 270, 18, 64, 307, 106, 454, 591, 464, 369, 324]
[263, 394, 554, 111, 362, 407, 513, 162, 200, 340, 270, 18, 64, 307, 106, 454, 591, 464, 369, 324]
[263, 394, 554, 111, 362, 407, 513, 162, 200, 340, 270, 18, 64, 307, 106, 454, 591, 464, 369, 324]
[263, 394, 554, 111, 362, 407, 513, 162, 200, 340, 270, 18, 64, 307, 106, 454, 591, 464, 369, 324]
[263, 394, 554, 111, 362, 407, 513, 162, 200, 340, 270, 18, 64, 307, 106, 454, 591, 464, 369, 324]
[36, 106, 489, 277, 546, 418, 338, 176, 16, 186, 400, 590, 294, 600, 514, 423, 202, 245, 282, 563]
[547, 407, 265, 391, 397, 210, 325, 54, 293, 318, 240, 377, 410, 335, 140, 612, 399, 496, 28, 583]
[547, 407, 265, 397, 210, 325, 54, 293, 318, 240, 377, 410, 335, 140, 612, 399, 496, 28, 583, 159]
[547, 407, 265, 397, 210, 325, 54, 293, 318, 240, 377, 410, 335, 140, 612, 399, 496, 28, 583, 159]
[547, 407, 265, 397, 210, 325, 54, 293, 318, 240, 377, 410, 335, 140, 612, 399, 496, 28, 583, 544]
[547, 407, 265, 397, 210, 325, 54, 293, 318, 240, 377, 410, 335, 140, 612, 399, 496, 28, 583, 544]
[547, 407, 265, 397, 210, 325, 54, 293, 318, 240, 377, 410, 335, 140, 612, 399, 496, 28, 583, 544]
[547, 407, 265, 397, 210, 325, 54, 293, 318, 377, 410, 335, 140, 612, 399, 496, 28, 583, 159, 104]
[547, 407, 265, 397, 210, 325, 54, 293, 318, 377, 410, 335, 140, 612, 399, 496, 28, 583, 159, 104]
[387, 0, 218, 249, 340, 172, 386, 191, 286, 355, 392, 128, 138, 21, 581, 385, 165, 38, 548, 361]
[387, 0, 218, 249, 340, 172, 386, 191, 286, 355, 392, 128, 138, 21, 581, 385, 165, 38, 548, 361]
[504, 435, 297, 396, 108, 523, 417, 163, 150, 89, 460, 521, 549, 567, 139, 211, 293, 17, 469, 479]
[504, 435, 297, 396, 108, 523, 417, 163, 150, 89, 460, 521, 549, 567, 139, 211, 293, 17, 469, 479]
[504, 435, 297, 396, 108, 523, 417, 163, 150, 89, 460, 521, 549, 567, 139, 211, 293, 17, 469, 479]
[605, 315, 570, 205, 462, 486, 4, 212, 350, 262, 420, 138, 21, 581, 385, 165, 38, 548, 361, 59]
[605, 315, 570, 205, 462, 486, 4, 212, 350, 262, 420, 138, 21, 581, 385, 165, 38, 548, 361, 59]
[605, 315, 570, 205, 462, 486, 4, 212, 350, 262, 420, 138, 21, 581, 385, 165, 38, 548, 361, 59]
[605, 315, 570, 205, 462, 486, 4, 212, 350, 262, 420, 138, 21, 581, 385, 165, 38, 548, 361, 59]
[504, 435, 396, 108, 523, 417, 163, 150, 89, 460, 138, 21, 581, 385, 165, 38, 548, 361, 59, 276]
[504, 435, 396, 108, 523, 417, 163, 150, 89, 460, 138, 21, 581, 385, 165, 38, 548, 361, 59, 276]
[504, 435, 396, 108, 523, 417, 163, 150, 89, 460, 138, 21, 581, 385, 165, 38, 548, 361, 59, 276]
[504, 435, 396, 108, 523, 417, 163, 89, 460, 138, 21, 581, 385, 165, 38, 548, 361, 535, 204, 190]
[504, 435, 396, 108, 523, 417, 163, 89, 460, 138, 21, 581, 385, 165, 38, 548, 361, 535, 204, 190]
[504, 435, 396, 108, 523, 417, 163, 89, 460, 138, 21, 581, 385, 165, 38, 548, 361, 535, 204, 190]
[504, 435, 396, 108, 523, 417, 163, 89, 460, 138, 21, 581, 385, 165, 38, 548, 361, 535, 204, 190]
[504, 435, 396, 108, 523, 417, 163, 89, 460, 138, 21, 581, 385, 165, 38, 548, 361, 535, 204, 190]
[504, 435, 396, 108, 523, 417, 163, 89, 460, 138, 21, 581, 385, 165, 38, 548, 361, 535, 204, 190]
[504, 396, 396, 108, 523, 417, 163, 89, 460, 138, 21, 581, 385, 165, 38, 548, 361, 535, 204, 275]
[504, 396, 396, 108, 523, 417, 163, 89, 460, 138, 21, 581, 385, 165, 38, 548, 361, 535, 204, 275]
