11.310692548751831
22.818057775497437
34.62494921684265
45.95576286315918
57.01909279823303
68.8889708518982
94.11621499061584
197.50092482566833
298.55957651138306
315.3652935028076
411.77921867370605
512.7082378864288
611.103862285614
710.9901871681213
817.3335130214691
904.5687682628632
935.0597064495087
1039.2114820480347
1142.4302430152893
1243.3746271133423
18.773259162902832
37.67875027656555
55.261993646621704
73.56184649467468
91.46318101882935
173.97323155403137
301.0085482597351
382.31154704093933
548.6979894638062
716.0549447536469
878.4247400760651
957.1536073684692
1117.6452996730804
1281.4425873756409
1442.4480147361755
1519.5646343231201
1691.1374592781067
1852.3673520088196
2012.8050105571747
2105.720320701599
38.109636068344116
75.90177130699158
116.53769373893738
154.30594062805176
421.74850392341614
724.870187997818
1034.9434280395508
1326.93279337883
1646.6703934669495
262.93586587905884
616.8939778804779
878.9292936325073
1233.1199598312378
1501.130930185318
1848.6523079872131
2101.2265779972076
2444.23353266716
2693.864140510559
3024.156338453293
3274.201639890671
3600.5793454647064
3882.155271053314
4205.220921278
4456.243227005005
4785.531654119492
5022.261999607086
5346.262395620346
5581.742537021637
5904.348554134369
